4.09                  
4.13                  
4.12                  
4.12                  
4.12                  
4.12                  
4.12                  
4.14                  
4.15                  
4.14                  
4.85                  
4.78                  
4.78                  
4.78                  
4.78                  
4.80                  
4.81                  
4.81                  
4.82                  
4.77                  
5.14                  
4.89                  
4.81                  
4.79                  
4.77                  
4.86                  
4.83                  
4.82                  
4.82                  
4.81                  
3.79                  
3.89                  
3.89                  
3.89                  
3.89                  
3.90                  
3.89                  
3.88                  
3.89                  
3.89                  
4.87                  
4.89                  
4.82                  
4.87                  
4.83                  
4.87                  
4.81                  
4.77                  
4.79                  
4.83                  
5.11                  
4.80                  
4.76                  
4.75                  
4.75                  
4.81                  
4.82                  
4.79                  
4.82                  
4.73                  
5.10                  
5.16                  
5.21                  
5.21                  
5.18                  
5.19                  
5.18                  
5.19                  
5.19                  
5.15                  
3.82                  
3.88                  
3.90                  
3.89                  
3.89                  
3.89                  
3.89                  
3.88                  
3.89                  
3.88                  
4.81                  
4.85                  
4.79                  
4.78                  
4.77                  
4.76                  
4.81                  
4.76                  
4.79                  
4.78                  
4.79                  
4.80                  
4.77                  
4.80                  
4.77                  
4.73                  
4.76                  
4.76                  
4.88                  
4.73                  
