9.42                  
9.41                  
9.41                  
9.41                  
9.41                  
9.41                  
9.41                  
9.41                  
9.40                  
9.40                  
9.42                  
9.41                  
9.41                  
9.41                  
9.41                  
9.41                  
9.41                  
9.41                  
9.41                  
9.41                  
9.42                  
9.41                  
9.41                  
9.41                  
9.41                  
9.41                  
9.41                  
9.41                  
9.41                  
9.41                  
9.42                  
9.41                  
9.40                  
9.40                  
9.40                  
9.41                  
9.40                  
9.41                  
9.40                  
9.41                  
9.42                  
9.41                  
9.41                  
9.41                  
9.41                  
9.41                  
9.41                  
9.41                  
9.41                  
9.41                  
9.42                  
9.40                  
9.40                  
9.40                  
9.40                  
9.40                  
9.40                  
9.40                  
9.40                  
9.40                  
9.42                  
9.41                  
9.41                  
9.41                  
9.41                  
9.41                  
9.41                  
9.41                  
9.41                  
9.41                  
9.42                  
9.40                  
9.40                  
9.40                  
9.40                  
9.40                  
9.40                  
9.40                  
9.40                  
9.40                  
9.40                  
9.41                  
9.40                  
9.41                  
9.41                  
9.41                  
9.41                  
9.41                  
9.40                  
9.41                  
9.42                  
9.41                  
9.41                  
9.41                  
9.41                  
9.41                  
9.41                  
9.41                  
9.41                  
