4.74                  
4.55                  
4.66                  
4.49                  
4.50                  
4.63                  
4.61                  
4.75                  
4.80                  
4.71                  
5.90                  
5.85                  
5.81                  
5.90                  
5.89                  
5.88                  
5.86                  
5.98                  
5.84                  
5.83                  
6.32                  
5.98                  
5.89                  
5.89                  
5.80                  
5.92                  
5.82                  
5.85                  
5.95                  
5.90                  
4.59                  
4.59                  
4.62                  
4.74                  
4.73                  
4.75                  
4.80                  
4.67                  
4.46                  
4.57                  
5.98                  
5.98                  
5.87                  
5.86                  
5.83                  
5.87                  
5.85                  
5.86                  
6.02                  
5.82                  
6.02                  
5.88                  
5.83                  
5.90                  
5.92                  
5.88                  
5.90                  
5.82                  
5.93                  
5.80                  
6.52                  
6.37                  
6.37                  
6.40                  
6.39                  
6.38                  
6.38                  
6.41                  
6.39                  
6.39                  
5.92                  
5.88                  
5.84                  
5.93                  
5.91                  
5.92                  
5.88                  
5.92                  
5.94                  
5.90                  
4.94                  
4.98                  
5.00                  
4.99                  
5.00                  
4.97                  
5.00                  
4.98                  
4.96                  
4.97                  
4.52                  
4.58                  
4.57                  
4.57                  
4.54                  
4.58                  
4.57                  
4.58                  
4.57                  
4.56                  
