403                  
406                  
411                  
414                  
414                  
414                  
414                  
414                  
414                  
414                  
404                  
411                  
419                  
420                  
420                  
420                  
420                  
420                  
420                  
420                  
398                  
396                  
396                  
398                  
399                  
399                  
396                  
395                  
393                  
395                  
396                  
395                  
395                  
396                  
398                  
399                  
398                  
398                  
395                  
396                  
394                  
394                  
394                  
393                  
395                  
397                  
398                  
395                  
394                  
394                  
397                  
397                  
397                  
397                  
398                  
400                  
401                  
400                  
399                  
398                  
416                  
415                  
414                  
415                  
417                  
417                  
418                  
418                  
418                  
419                  
399                  
398                  
398                  
397                  
398                  
400                  
400                  
401                  
402                  
402                  
402                  
401                  
401                  
401                  
402                  
404                  
405                  
406                  
407                  
407                  
400                  
399                  
399                  
398                  
399                  
401                  
402                  
402                  
403                  
403                  
