396                  
395                  
396                  
395                  
397                  
399                  
398                  
397                  
395                  
393                  
415                  
414                  
414                  
415                  
372                  
303                  
417                  
417                  
417                  
418                  
400                  
399                  
400                  
399                  
401                  
403                  
403                  
404                  
403                  
402                  
399                  
398                  
398                  
398                  
399                  
401                  
401                  
402                  
403                  
403                  
399                  
398                  
398                  
398                  
399                  
400                  
401                  
401                  
403                  
403                  
400                  
399                  
398                  
398                  
399                  
401                  
402                  
402                  
402                  
403                  
399                  
398                  
398                  
398                  
399                  
400                  
401                  
402                  
402                  
403                  
401                  
401                  
401                  
400                  
402                  
404                  
404                  
405                  
405                  
403                  
399                  
398                  
398                  
398                  
399                  
400                  
401                  
402                  
401                  
403                  
399                  
398                  
398                  
398                  
399                  
400                  
401                  
401                  
402                  
403                  
